LSSU_Regularization
===================
Nshims: 16 Npix: 31744
Singular values: 
Shim Shim MatrixSD Matrix
  1     625552    4.48265
  2     544380    0.25389
  3     345734 1.10797e-15
  4     250207          0
  5     229295          0
  6     112439          0
  7    63845.7          0
  8    52435.6          0
  9    48952.5          0
 10    24578.1          0
 11    21952.9          0
 12    18805.3          0
 13    16259.5          0
 14    14604.6          0
 15    4268.68          0
 16    41.3544          0
Estimated Rank: 16
LSSU_Regularization step 2 residual condition
Eigenvalues:
Shim Shim Matrix Nullspace SD
  1     625552    13.0112
  2     544380          0
  3     345734          0
  4     250207          0
  5     229295          0
  6     112439          0
  7    63845.7          0
  8    52435.6          0
  9    48952.5          0
 10    24578.1          0
 11    21952.9          0
 12    18805.3          0
 13    16259.5          0
 14    14604.6          0
 15    4268.68          0
 16    41.3544          0
New rank: 16 old: 16
LSSU_Regularization: final rank: 16
Length of current vector: 10.4346
  1   3.91e+11       10.4
  2   2.96e+11      0.036
  3    1.2e+11    -0.0198
  4   6.26e+10    0.00839
  5   5.26e+10     -0.109
  6   1.26e+10     0.0591
  7   4.08e+09     -0.087
  8   2.75e+09    -0.0879
  9    2.4e+09      0.222
 10   6.04e+08     -0.454
 11   4.82e+08      0.499
 12   3.54e+08      -1.03
 13   2.64e+08    -0.0588
 14   2.13e+08     0.0649
 15   1.82e+07     -0.166
 16   1.88e+03   -0.00605
