LSSU_Regularization
===================
Nshims: 16 Npix: 49776
Singular values: 
Shim Shim MatrixSD Matrix
  1     886019    9.22384
  2     761103   0.573917
  3     431643 3.41219e-15
  4     364323          0
  5     353670          0
  6     184829          0
  7     112661          0
  8      88714          0
  9    87198.8          0
 10    46791.9          0
 11    41470.9          0
 12    35045.2          0
 13    29577.9          0
 14      28305          0
 15    8068.86          0
 16    81.6402          0
Estimated Rank: 16
LSSU_Regularization step 2 residual condition
Eigenvalues:
Shim Shim Matrix Nullspace SD
  1     886019    16.1759
  2     761103          0
  3     431643          0
  4     364323          0
  5     353670          0
  6     184829          0
  7     112661          0
  8      88714          0
  9    87198.8          0
 10    46791.9          0
 11    41470.9          0
 12    35045.2          0
 13    29577.9          0
 14      28305          0
 15    8068.86          0
 16    81.6402          0
New rank: 16 old: 16
LSSU_Regularization: final rank: 16
Length of current vector: 35.1869
  1   7.85e+11      -35.2
  2   5.79e+11     0.0913
  3   1.86e+11    -0.0381
  4   1.33e+11     0.0332
  5   1.25e+11     -0.139
  6   3.42e+10   -0.00422
  7   1.27e+10     0.0189
  8   7.87e+09      0.182
  9    7.6e+09     0.0823
 10   2.19e+09      0.295
 11   1.72e+09     -0.149
 12   1.23e+09     -0.697
 13   8.75e+08     -0.143
 14   8.01e+08      0.134
 15   6.51e+07     0.0381
 16   6.93e+03     -0.105
